208
4255 20
63616 30433 77860 86341 86820 72649 67242 81866 82795 36939 99761 43634 96564 26711 86205 80831 49819 64636 4701 56287
5006 20
50106 6050 43268 91079 54408 35815 21514 12938 54828 57867 25614 53649 18289 46101 39830 95257 68314 30427 76702 64415
1401 20
35776 41249 25313 10209 33765 40839 650 59882 4430 99567 89744 63603 18325 32087 63672 36831 88283 85309 21662 77727
9806 20
63040 3034 32539 17347 90405 66792 5897 75753 91531 27565 25166 5999 66069 45685 23799 49240 7833 51194 26491 48636
661 20
15297 41272 31489 50977 15973 77606 49350 66405 48941 87312 86001 32402 55860 25973 83190 44823 9112 5110 46618 26557
6008 20
29920 60417 5250 65795 29348 34661 54791 84551 87851 14507 45867 80558 49132 24401 43410 11410 96729 36282 79165 34879
333 20
83552 77281 28898 22979 66274 56452 54340 65703 26728 85210 42018 2253 629 14167 56312 98009 43130 66077 16094 17375
8924 20
36417 18916 75238 94983 19112 82408 39946 11531 63884 4045 74346 37607 35280 43711 60589 70709 3317 96539 35164 12031
2560 19
61536 47585 12033 90653 30532 57157 23625 9355 54891 87694 3919 34286 36243 53012 46678 47035 50332 42077 98687
976 20
79713 2565 61575 27399 92649 7768 96395 70061 1581 25452 89648 84913 69105 20915 3121 78129 40726 84408 3485 61758
6370 20
43840 25601 60385 33734 40362 427 84683 34253 93870 32239 3501 18097 94898 91160 46583 48312 93433 37690 32566 88380
5239 20
32705 98401 77922 60165 60645 93034 20909 99630 85295 77807 78457 77815 31060 96215 40472 72887 84346 48604 84253 84030
9847 20
53569 76930 81346 49572 86436 34886 40102 42249 83562 31148 67470 25360 37905 85170 11764 98774 83320 90236 96190 51583
2044 20
34336 64546 73699 90947 59429 92294 29958 39554 69029 63723 89068 2766 63471 79761 71861 69976 25945 27066 7230 84863
1812 20
40192 52135 87752 53322 38890 78892 89741 66766 90159 54479 52496 81393 86931 97811 78702 65584 85113 26813 89310 87679
1551 19
2684 12481 44066 68416 56068 97317 37223 21609 57225 60973 41567 51535 97265 4790 8504 34746 9404 88606 57630
1267 20
66432 17825 40834 9506 39525 34469 53688 18473 13994 5885 2829 67886 9453 592 96082 62486 90776 91226 82685 30878
2054 20
44097 64706 80293 38213 6185 91659 93387 64013 15150 78287 45711 78222 57039 1710 27668 94677 85047 59767 2201 92636
165 19
37089 91426 78531 28355 6338 81958 76135 78600 51720 71402 77356 57068 33518 29967 77458 56855 70232 88798 82111
67 20
3776 96609 97315 8420 29957 97380 70823 38474 10379 80138 43532 66461 78606 23088 53171 17819 13875 19160 56251 43389
1356 20
74656 89796 73445 77787 61543 7850 70779 49706 15920 83283 56979 74453 1718 13975 63860 98328 57786 40507 52190 66975
6851 20
88064 53761 67363 10565 13606 58695 75112 4614 89482 13616 7601 20274 29042 19728 75447 6744 88250 10621 34749 80767
8973 20
65888 43139 52515 94822 103 72550 32010 20203 82094 35726 80592 16911 54002 6258 75414 76599 8089 42555 3804 18526
2373 20
2562 60194 79075 56102 33766 80700 81065 29834 42763 90410 90475 99184 95985 80114 57460 60599 12505 5275 91996 92511
2055 20
41440 65188 57445 77093 41799 61117 31848 18570 93835 88144 30771 59987 55571 62518 91863 47379 5499 92375 97431 47421
1962 19
29826 51671 96098 73637 2502 37278 58664 44428 89879 82765 62671 68175 69742 30483 78135 96281 73818 84765 10878
8728 19
71936 50050 74978 18116 35203 74374 81479 15654 35881 73194 72584 33260 47730 32405 10134 87702 65433 69082 56671
8839 19
62467 48420 4964 61444 66404 76776 30601 93992 17418 73517 24954 25692 81713 13780 15830 79479 80409 25978 11548
3686 20
64481 74785 8515 47652 75781 48264 5290 50903 67725 72494 1455 4589 86381 368 17946 3504 48373 85782 30454 49658
8806 19
22017 26433 78327 29987 75719 4935 2698 72171 38700 16845 68367 15056 39730 62452 53684 58071 40312 37049 4637
2759 20
22593 18178 59588 39908 20900 49471 39207 32169 48522 23179 90412 76238 10911 91442 59994 43513 89978 90172 33693 23359
5057 18
56288 92737 52320 35107 69573 37004 56493 54671 26128 20724 30101 27927 10394 37723 91836 27485 98302 51615
86 20
62817 41539 42084 92133 49254 36423 62883 7112 99786 10795 96175 40976 25588 47605 7957 3767 16121 85049 72443 43935
9221 19
83297 86722 88738 76388 90500 84026 24514 26344 93774 67088 19985 29873 57012 8245 88825 70487 52725 25306 74554
9692 17
95232 59362 38246 89000 53196 6893 44492 4046 17138 94674 10196 70740 45235 90107 49181 12574 991
185 20
23743 20578 68514 59268 66884 42303 23847 8393 31531 92716 18316 23886 1773 34603 22544 54999 1563 25879 8286 51679
7040 20
40704 9114 20104 19113 15896 18632 63916 12011 10448 40241 80914 61395 51633 52031 26840 36601 68762 95228 6429 81695
7037 20
53984 65088 53124 99397 47961 48839 5450 56971 37019 76844 30514 81267 78772 12469 83890 48985 43065 91291 80734 43135
5971 19
89985 17058 59170 66882 83747 36326 38344 70249 29132 29902 74513 33269 22971 22135 37400 48281 26586 30555 46878
1099 20
81056 4067 74087 46920 36520 9996 67660 36492 89199 45774 429 36238 3027 1075 87950 31062 9047 74838 85532 68919
6731 20
18816 47041 52706 23942 91015 68330 3019 69452 47566 79451 94173 54323 12788 9527 75800 46905 93050 27771 85659 85691
9366 20
34693 12263 37545 75178 27851 7149 12622 47150 29358 84561 23953 77684 73429 19637 67766 39384 12057 85910 82205 60575
803 19
46309 53927 87528 97193 62986 31818 80392 70093 38793 8554 28304 13551 16274 81940 90712 64953 50810 39931 67839
2392 19
49985 24706 45798 60584 9482 19690 95757 27503 48016 42608 5874 50451 62322 49173 13110 20247 38070 61950 61279
408 20
54593 79586 16803 62757 68646 65595 13037 79566 47022 69455 2194 42226 94197 69269 70901 34200 31129 45051 95036 25439
8884 18
68993 94654 42053 55880 59177 6991 63572 36919 22326 12151 20310 90230 67226 82713 26684 11645 3550 96767
3379 20
42082 46467 86589 79397 49574 84328 59275 28652 39501 39822 27275 26928 12270 24050 50098 94541 9205 55511 82652 98941
1236 20
93601 79905 85762 74084 17094 67494 41630 2636 83149 47 47664 84241 64338 48466 70965 27413 10906 48669 72766 38719
9259 20
27456 27425 99710 8067 59748 26841 74440 52538 5466 10014 27699 91925 88182 87543 49273 75674 41786 45917 61950 56767
5036 20
85664 46328 52674 579 18083 29604 53126 92696 77929 9900 13644 35359 58639 45519 40914 13524 30645 31959 39032 39903
3169 20
68833 32833 39686 27591 91815 88523 55535 81404 21040 14258 51699 21488 97013 28600 50325 45464 47381 61712 83548 27517
3092 19
27169 30594 28130 85027 76547 56358 31908 77378 30153 68998 61478 18211 45266 43220 97590 53688 52121 52667 41758
3215 20
87041 97697 12289 56551 51720 9127 56506 85996 48973 45484 23408 85233 94834 28626 16565 87224 76153 19258 17979 29694
9852 20
6912 43809 42466 22245 71367 14664 43624 46923 17676 52206 49328 24273 65136 11346 2901 43414 47385 76378 87708 77919
518 20
96228 50495 45991 83144 23081 17225 15787 46188 58061 61006 39438 87760 2479 91668 49205 77077 28857 72282 77244 18559
1710 20
18689 87138 97475 24420 81702 70407 69544 72811 40172 49003 54573 16624 28593 79794 87730 82128 23575 12570 8315 88922
1008 18
27777 2818 84098 16964 95842 13092 65480 49419 46188 56557 27054 57938 78515 51508 31576 78428 96445 52669
860 20
61696 57249 27169 77123 27588 75781 3974 69766 87905 27050 73643 55020 35691 92223 17683 92083 38587 69340 38013 15935
1766 19
67168 79777 72289 77826 6660 12421 61094 13224 81273 554 24458 75696 93776 74387 75892 50775 52409 53596 69757
1618 20
59552 30016 27330 97250 36 30245 41190 87687 2216 89628 39408 43601 16210 81907 98289 19733 34808 52505 37148 59773
1561 18
90433 87458 58267 71237 5669 16710 53032 38789 18027 37612 16984 37006 27889 25619 30326 9880 92091 92126
3647 20
87904 19488 25825 6182 6503 17450 42891 17388 68843 53261 60015 26260 80277 46038 70903 60536 26457 58458 63484 84733
2798 19
58337 55073 3363 74714 25320 5547 96876 28463 39151 62930 13972 46101 90997 36023 51701 2298 79291 7485 24639
6235 20
74048 10813 85956 98310 27975 20599 43368 16201 14188 51514 2510 54675 78483 67868 23126 89751 89434 44347 33564 21213
6185 19
47875 4259 92901 81670 39140 80553 10957 43886 1550 49168 50605 13777 75533 85140 88182 64503 26521 94908 53631
7833 20
15040 28929 27970 25955 65603 17284 77924 13413 28263 96292 55296 76171 81100 75439 951 82706 13335 6455 80729 48921
1661 20
63329 39745 78657 52131 51298 11558 85544 88907 35534 75322 148 41620 38934 24792 54200 31834 61243 86486 99581 24511
7197 19
57825 50884 37221 35493 22905 85002 23852 17486 40527 47711 32052 60373 70548 33752 57881 79354 45087 9789 29183
836 19
88896 26497 23010 65888 66978 65475 33446 32937 46794 79309 11472 33905 58737 48816 21077 56437 42037 43994 95451
6352 18
42176 61506 66726 49638 31336 64329 95531 77842 27570 65044 43860 42358 23511 40118 3993 45271 38972 34590
9384 20
27776 55104 35328 16419 65987 98552 35654 39072 35560 90856 96143 35901 36659 17526 93752 37785 9274 61627 60477 13118
8063 19
67137 20005 86727 584 99401 40424 62555 40264 30541 41326 56526 29518 66482 89491 43447 54650 83707 6973 91775
4493 19
21504 31388 38337 18211 62757 4550 9127 966 21576 97991 18954 35565 54738 42420 11542 55767 33398 68092 64895
7741 20
20515 56165 45832 29353 84681 18092 41997 17677 90671 41489 82609 91219 87028 33656 21046 18161 47448 16857 36635 9181
8591 18
79328 64419 2595 58214 31112 92938 60267 10379 49613 60237 84079 31632 4367 78446 94483 55863 30074 50910
1438 20
12833 8610 28131 71586 42181 2534 81831 93989 57769 1026 4492 97390 78128 65681 32566 68407 23290 2235 10044 70205
1302 20
36161 87842 11106 78333 80549 44582 77959 59592 52201 86249 80169 33320 30149 37395 64725 10070 10683 60380 80925 70175
6528 18
15264 66048 25347 47273 89483 19149 94286 95983 7474 50675 13492 26612 56565 8991 52222 44540 31839 75647
9045 18
41506 62787 86487 19468 82414 81167 69232 13713 21167 19059 78288 54030 37302 45335 78045 21723 43068 20061
2050 19
54561 91098 41857 41604 47813 67012 14026 69260 67661 57326 22575 20173 98129 50714 26804 14901 63098 38205 99519
1719 19
39707 70370 51267 75912 18281 68106 68171 70136 24651 48799 14994 45363 73115 50773 37716 82680 53247 84316 86303
1985 20
85728 52897 17474 55034 44967 15175 21898 12654 21711 72046 53075 71188 46771 75766 79703 77460 21684 36762 61947 50199
9926 19
64989 78372 84581 60582 93284 85636 60362 88696 90990 31119 56215 51440 96756 83446 71798 47992 81947 28125 61502
8408 19
23584 5279 4098 27938 31076 63077 46750 69966 13455 3312 23569 47632 22006 35896 82975 9756 37821 16222 40222
6897 19
87937 71074 6564 54084 28038 83304 10856 95402 56907 14860 14925 37550 73295 16476 75602 54263 48793 3932 43423
8065 20
27680 20829 45731 64707 44390 487 62633 7788 57453 85306 77007 44910 85811 71799 44824 79065 82938 2140 95677 4287
6522 20
25184 27841 91042 36097 15811 7268 90661 41959 26248 69031 20421 16813 24622 39169 50071 84177 24468 15542 81943 90521
1192 20
6912 10881 40448 66298 41635 16515 97350 93095 57282 35148 7660 73614 24015 46738 24210 3642 93879 72602 93215 2495
532 18
86400 79778 55620 83846 50729 9513 78986 75534 22798 28371 91636 40565 67734 4761 41915 89500 44285 92286
4320 20
61953 22018 64836 72292 48582 18150 38599 89483 23979 1680 17619 42132 62707 6675 33109 69719 15289 77437 830 20351
5171 20
16578 80163 22050 32968 49129 57161 10543 8111 30835 98516 53013 71222 52278 35832 72825 59834 58294 72316 83485 31258
2494 20
27872 48097 90979 81348 30695 23495 35272 79527 60429 47821 27023 68176 83281 56915 9685 25365 34295 43388 28125 27902
5459 20
28672 74593 8289 98948 32933 74022 39300 56292 36297 69708 95151 71312 25424 15186 7251 46840 62777 1242 36989 76319
3358 20
87713 2243 49444 4134 50566 56633 93001 64746 52329 99469 8879 51928 38521 3125 76535 19128 88505 42331 509 75103
2709 20
38049 36546 82438 90342 7110 34423 18216 23723 87374 25871 45712 39089 336 25044 80085 18647 26392 98491 12126 24031
7753 20
98850 63811 86372 80803 92741 40904 66184 54794 30923 51085 91502 1329 58291 20565 73238 93271 61078 49273 42937 77982
3364 20
44704 40354 9061 63077 263 12458 4523 18219 89773 29613 36527 26865 12337 16241 57623 14553 65692 43230 22334 75871
2830 20
2816 11521 27169 17347 81508 93477 65030 2023 85802 22923 66058 74125 69904 24754 3571 73779 43765 62515 50999 52506
3120 20
81665 82105 16260 89957 74725 807 95577 85769 41195 70284 3756 92494 63599 86000 75149 45779 72215 54200 80761 99902
6702 19
19296 22817 25794 50753 46273 65657 36390 8808 45821 18442 25065 32460 76843 93166 41999 75983 63639 81785 89309
9359 19
35104 34050 64099 81348 16230 76616 72169 73996 82061 3917 8847 68912 63696 13330 89808 27446 25878 50397 1087
3130 18
88641 59713 92289 79652 1414 26726 33482 23567 74193 56914 71423 51923 16468 82904 21113 61595 74557 31519
7817 20
4185 2242 60228 67717 72040 75433 56111 9071 57777 29661 66355 99315 6618 56470 68511 63577 74394 38043 22717 50495
158 20
7136 18337 46500 56358 37704 29961 93386 76297 74345 54957 24685 41869 59124 40916 18840 9689 59994 40091 51773 80158
9063 19
65731 87908 58503 70280 62537 41578 77451 53518 79025 68657 92500 83540 8470 59255 4984 41721 78557 78046 53693
5390 20
76674 80485 37734 41223 83944 98409 41258 6763 96555 75021 61675 46059 5053 9937 65140 91957 32506 41659 26973 1629
7356 19
10786 26562 33828 19397 55815 75304 85225 65611 39035 68976 22450 52921 94419 63317 64821 60057 86203 79870 79611
930 20
24066 69252 50122 69882 98123 77709 62830 32075 8878 64593 68975 76659 55988 64149 31670 15374 24536 60154 30940 68671
4751 20
57088 66529 83106 79991 75845 59239 17386 71915 74636 17207 41838 61082 89530 42928 26378 83790 13108 72919 44506 63291
8471 18
56064 82112 55075 84197 95942 78117 33641 59116 8621 85198 34159 35984 94993 16276 69879 94936 88411 96319
788 20
81437 72963 44452 32579 9191 80778 7660 86221 60624 80925 7475 56596 39540 92758 25815 71733 37079 47995 88573 52063
4024 19
7872 56000 96867 74278 71113 67597 40333 47185 71537 25713 70994 97843 56147 67415 85138 62073 88984 61395 74750
7412 20
86753 27169 9474 59333 75750 33927 80424 94954 52651 69932 45165 13706 5212 34867 43542 68343 17176 31548 55422 33887
974 20
81697 75170 18023 36841 52876 18860 5647 59834 34577 44538 59541 90806 8501 50584 50200 52218 2107 81788 29246 95871
8864 20
89664 3008 25442 9988 58855 98952 98665 92168 68425 52428 2765 66286 74161 29077 45015 59322 123 3644 10942 84343
8438 20
66624 32161 10531 89572 32997 28485 84615 13091 41446 3114 81484 31212 24174 68430 53808 61081 19863 38585 48060 97309
6013 19
17024 16065 58394 5349 32039 43721 26446 57774 61328 87377 30868 71700 35095 20248 17529 76634 21371 45116 49022
1026 20
41952 15746 37031 45896 13929 63978 59147 92045 44846 62831 15279 89779 90014 75733 27446 52055 79802 54588 79389 19806
5103 20
49313 15842 85604 35942 70888 98825 82602 82090 86281 18893 96270 85904 87120 73651 39732 88565 13140 29080 66778 12604
5442 19
84803 90500 88037 76131 46339 50758 31644 38414 5966 77040 11185 8369 82770 65527 1754 39546 24380 19549 4414
6207 19
59040 73696 35010 70371 6564 38085 83302 58376 68841 89193 14763 19723 34029 46127 94161 20947 82293 77622 90619
5928 20
89184 98020 6437 16327 73704 30727 82890 92971 46283 9901 71629 70381 6800 93169 48786 58003 42070 58680 2104 89660
9066 20
57252 78821 17606 66404 89128 58568 11625 68939 16172 53453 86606 80719 1232 47537 9903 86419 49881 38650 73467 66300
2654 20
58979 65732 30789 24666 34439 52135 34216 56328 53766 21143 68175 66448 86323 26388 56342 78135 87261 44090 93117 65567
3163 20
41984 20642 37797 39621 38375 62759 24492 8824 94062 61612 9937 44178 18068 41173 71380 26781 96248 85243 2141 60958
8976 20
73120 99779 3108 99108 74851 43847 935 53060 65931 33228 11277 12849 10516 64180 89239 78872 82073 7834 6077 51487
7390 20
35745 55874 61667 14019 83525 5640 20872 6378 4670 12894 35471 50256 18160 93362 915 27509 32183 54236 69405 33598
1134 20
86112 56195 20869 98053 75431 92712 23881 99114 74091 23150 98064 4977 56435 64372 73491 30164 97847 54712 25465 58042
8139 20
15831 35907 56008 54522 69867 12427 8074 67726 56432 10964 93749 87734 68501 99605 57494 20698 98805 75548 30109 4255
4395 20
84928 68609 12772 90725 14023 78663 80554 91851 19596 66605 9978 97933 69050 48010 82899 93942 93784 91034 77725 94303
4040 20
14432 67458 8867 96219 82759 12231 52041 21499 99214 26095 98640 45873 66779 34899 11924 22430 30424 63898 89659 65694
338 19
10913 9507 91877 95016 89611 15660 1710 90862 12976 90353 90993 90835 59604 26102 35830 71286 16415 93245 67263
7454 20
2689 70501 60581 4424 65962 78091 2732 17645 31054 68045 47915 96529 62802 69299 86612 36989 96982 33783 64954 40925
54 16
13920 1443 42403 81349 97254 25896 52778 16396 50638 66803 24468 84312 30585 72890 49211 67037
8007 19
81508 76165 3974 46666 96427 6443 72651 62831 30831 96336 57778 11953 54352 29781 40022 49812 3544 72541 69823
9636 19
81091 26596 97065 7273 27211 4076 11817 94382 13836 77358 14039 74739 52435 85429 45399 8473 22875 66300 3261
255 19
82915 1534 5672 80009 65354 18475 94892 48077 60046 61948 39570 5944 53204 79059 94936 28377 46524 79133 34142
8902 19
42818 40132 45574 96807 18407 51948 24014 22065 31122 22675 94621 33301 63862 37332 45112 38268 60157 32830 39516
6669 20
38592 1889 70627 99363 23109 42918 13095 67049 76938 77258 3242 1901 92111 85615 83505 35314 96915 85781 59832 1918
240 20
14528 88217 37891 49892 69382 73126 63303 43496 55689 76683 69742 54767 90766 28567 1622 21367 72409 15674 95355 76863
7330 19
36096 98435 62179 1190 62727 67048 49032 7272 50827 46124 43214 64336 2640 28662 82553 93978 73596 1405 99326
7339 20
56101 95078 5671 29480 27500 18156 29228 72783 47960 37395 99861 32405 50903 53848 28568 43162 2107 77692 32093 78398
9542 20
72097 32738 3937 2475 30699 70893 99532 19243 8304 73073 21298 1617 56587 27284 49944 24731 4220 46397 13310 1343
7380 20
35840 86337 87971 77412 90981 60646 91080 31465 38921 60172 28082 20947 93267 64757 12342 49526 2230 37914 82460 86398
6650 20
89954 68771 20578 48965 39747 95778 48680 35527 76938 24654 71887 42801 48210 65651 19097 40209 66902 89785 61723 45180
2007 19
25632 9537 71235 90276 97125 61414 68230 41736 12360 35018 86760 33004 8237 34283 65964 81808 15539 31316 38015
2887 19
52250 85251 49829 69447 99720 79304 9226 45836 49005 38765 80591 22640 59569 83250 85103 51033 93017 36666 81469
4474 20
60352 84418 68386 35074 86983 18280 68201 27083 83084 17164 14861 98925 74781 43219 85556 96342 55416 97113 8893 43774
7637 19
64449 13345 63042 81221 48679 55467 44301 97166 8429 14319 57007 11312 3599 72436 63221 76630 28763 90300 81661
2325 20
28641 78626 88131 164 356 35649 62375 67783 89195 7115 77998 84942 99825 99729 51699 29651 62261 96724 9016 72250
8482 20
80066 73754 10884 78597 63112 48488 16809 35307 79819 57165 37324 67501 70288 15793 96977 81431 56376 47033 61594 84574
3530 18
57410 94431 97317 94086 28647 13064 69424 30514 5875 92725 48127 44789 6552 14682 95931 43068 69212 82559
7599 19
79840 15969 15490 55396 82086 13673 94218 14510 55343 65680 80113 6450 85363 87924 65522 44570 84313 25754 15740
9044 19
83553 79585 78825 91227 92329 1450 18858 70542 49581 9389 79729 60530 17491 45814 4919 92536 46489 46683 23935
5315 19
70880 73952 74978 576 51460 65764 83558 54183 30728 9001 38890 56041 1134 22766 46675 19028 29853 89245 60702
9530 19
94433 91234 8645 3782 70247 78919 27657 65930 72234 5518 83438 84206 71665 30646 71577 46332 59229 18334 3263
8531 20
51681 18210 30210 76901 65222 45256 31881 1931 36364 29678 98543 87376 36051 179 95539 47191 64312 63130 81979 52444
4596 20
44224 92323 76356 8260 54534 94343 52039 48456 53736 43980 47181 37485 43957 30901 33594 67067 94460 20541 39582 33631
7668 18
77890 21284 59940 78534 77543 51435 72876 93229 13007 13360 8053 62646 14518 98104 32857 85338 67900 36925
5930 19
88832 13025 52226 91714 27780 94342 40935 46248 61480 20363 60749 71442 83997 71188 86803 24922 60 80413 38943
3899 18
96065 39555 77763 87204 34694 53892 65256 37706 51086 14286 3164 26833 501 62006 31861 94267 57756 61790
1318 20
81761 49411 31460 95654 55870 29097 30334 82763 57100 44748 80494 53550 33648 61901 14868 97398 98679 99962 15196 10334
9437 18
63959 15267 54626 9879 78953 7993 18572 22126 78864 79888 57399 29046 44727 84345 9563 26585 42750 61983
2762 20
61888 51939 97191 60104 35912 64328 64425 5100 41582 41243 11579 91667 46548 97493 25305 98228 64889 88859 79870 80991
2347 20
12833 5826 36611 90660 27492 52967 18376 34633 76329 56651 5867 25196 58160 15830 73655 34009 154 97212 68990 81311
1340 18
70815 26338 66307 46563 48422 2184 56105 7227 7179 30989 83278 79385 11220 29399 9369 42587 18235 2239
9262 18
71584 59008 67106 29760 61316 58501 1725 84968 50119 49295 84435 29142 56822 21529 69915 45949 36382 53215
7663 20
34881 61348 58342 42858 11499 30796 65101 13453 27279 32816 53745 87819 97141 46485 34679 52184 82678 10202 82013 6206
9260 19
80160 37728 16003 50276 83014 7110 25254 14984 37030 61835 34717 53201 19858 18420 43062 88279 3737 44093 62750
3419 19
99394 58214 68646 52680 77225 40585 31160 1548 16653 54766 65868 59793 29169 99129 51480 29401 98236 72445 31902
9923 19
29856 24032 32353 59906 75140 97093 81253 54496 73896 1762 9711 13489 78867 91828 72372 53462 52952 37657 37342
7874 17
24224 7841 70627 96421 80391 29032 95943 30154 77996 4589 88206 45742 66548 20886 59671 43227 88927
4337 19
7456 96643 49828 67208 66217 90856 13160 21166 13615 32526 1009 56114 47954 65236 11477 64022 49432 68986 67132
8416 20
17923 28068 40228 99590 15175 59464 96543 2651 22603 68686 75920 44880 6931 92212 14421 1752 57082 51676 49852 63839
2666 17
4386 33667 60452 86730 55114 18220 26796 25484 78768 88819 24085 76598 29143 95190 15898 53405 77976
2611 19
30014 46689 85641 71017 97483 35787 75980 2252 20784 55573 57813 72537 52184 70329 29626 20379 2013 29310 42207
7206 20
20160 72895 55301 10470 70535 92712 81385 9799 47820 49390 38030 3952 29521 41266 24913 88660 4177 80798 98366 88863
1526 18
75968 32737 49380 22533 76068 17543 9957 90084 69094 52941 69806 60687 32302 55383 97275 46236 6366 50207
4386 20
1441 41057 55589 2757 51559 70149 58984 41768 50686 25605 27770 55159 8144 51286 20278 63486 81146 76411 74910 53983
264 20
88161 43906 51971 49444 22244 99300 49927 33829 58244 59053 26064 12083 19188 32309 69178 68055 25941 92154 99607 73181
2631 20
53154 46628 92325 11334 91910 98470 72613 28844 63405 48846 41551 39248 72913 65968 51443 49839 30747 27196 95646 86463
4871 20
18945 58146 79041 83073 52743 98377 55914 12492 17164 2030 29616 68337 17652 50357 42134 11543 920 66996 72701 10014
2079 20
72866 22275 87813 60294 65350 47464 18985 3333 9323 87657 13037 96654 58472 24382 82091 81842 49369 49627 87837 10174
7691 20
85920 26273 73027 58533 51557 50727 30954 75723 83082 21806 30766 55956 31540 3028 64855 90266 60508 64925 75166 46271
1490 18
37602 98149 8390 39436 68749 77102 22143 82988 72749 16371 72180 29781 49141 54455 92063 56948 22718 37727
4828 20
21408 44288 80928 91043 66981 45350 32776 24457 80393 24202 91838 18825 11114 28147 41459 19797 30359 51609 54907 94398
7512 20
93792 13473 26310 60390 76456 63912 45226 74 50060 76140 90572 50160 2705 32530 88722 64757 35094 25400 64121 8122
7362 19
3232 25474 90788 18756 21542 69386 57354 20268 65453 57617 98195 11412 30868 19352 33847 37403 41627 7678 44863
7709 19
28069 67654 88615 58854 53259 23021 78733 70512 6194 24499 71892 56021 37972 91415 9816 17174 69407 99195 80735
1516 20
35392 28928 54631 25096 68551 6026 86602 65931 38377 99725 96431 25771 21851 7187 93938 74133 75545 88346 26779 89052
200 19
78464 57090 95173 26181 29706 4363 66573 30350 58943 64627 31027 60053 89919 26167 90809 97659 31708 15101 51575
9821 20
53120 91297 58818 59651 32324 63208 47720 93674 39084 56717 81806 13743 78544 21714 63571 98068 50004 39547 77756 95071
2853 20
93986 19491 48997 96935 63080 96652 15865 63311 16240 1682 4114 67572 27829 92469 42131 41368 41081 43484 22333 48153
1465 20
90912 30721 96 33539 38758 44199 74811 50666 6159 81711 29361 82355 71796 10613 7543 18009 78843 19036 45149 52286
2831 18
38304 22273 34178 23139 87748 45097 27785 82123 3628 47150 98578 44596 93973 28660 95479 15419 93596 19327
6924 20
11872 321 28224 52515 63846 21608 85194 35243 17326 26289 74130 99091 79444 71058 914 79063 72342 437 74778 72444
3376 19
5472 66007 5317 4966 69095 44679 70632 45742 52944 43711 33396 9500 42109 80503 53369 46074 27132 7997 69567
3691 20
10688 43392 31459 25828 6374 20903 2121 72906 14220 74413 41646 97037 27344 65137 79731 66869 27638 9338 11485 74814
8067 20
70016 25539 43454 13124 68698 48325 85351 86444 7533 72144 42769 98705 92659 34293 82328 39993 20698 41371 97532 9790
3510 20
27233 82659 48068 8613 52262 86567 8295 66759 51274 41995 29336 80496 52146 27346 49428 17907 21238 37238 91384 65724
2991 20
3424 69656 16259 5604 38343 37961 90602 44075 11800 18985 36568 465 35481 85266 37044 60312 11897 71546 80187 82300
3334 19
3390 66019 86180 67012 8390 78535 70502 78792 28291 52459 95596 87949 1165 74193 49268 18424 25209 72123 9662
4073 17
10082 28100 15461 15207 46024 54761 63376 42866 74354 80978 27061 26997 68855 27832 2359 53563 55069
4019 19
86048 68577 28194 93507 17988 4418 97287 97352 70984 57610 24748 22638 46896 8242 77622 11158 45883 75900 73502
6253 19
98882 43682 25956 51490 10342 77863 51496 56995 71436 83025 9713 98355 81202 43797 96307 51545 34810 66108 1822
820 19
9376 20672 8452 26664 86250 88971 30251 17999 83119 82097 97361 81969 54419 60338 44370 27479 66360 44633 52153
8738 17
2052 33701 485 36519 20614 42857 34438 88550 69069 41936 89237 10840 1081 92795 46844 68221 47390
8696 20
38304 78115 35619 3876 44776 94634 2284 82092 45104 77630 66416 82577 5076 89554 24855 42488 86267 17085 87902 65791
